1 10
10 19
19 28
28 37
37 46
46 55
55 64
64 73
2 11
11 20
20 29
29 38
38 47
47 56
56 65
65 74
3 12
12 21
21 30
30 39
39 48
48 57
57 66
66 75
4 13
13 22
22 31
31 40
40 49
49 58
58 67
67 76
5 14
14 23
23 32
32 41
41 50
50 59
59 68
68 77
6 15
15 24
24 33
33 42
42 51
51 60
60 69
69 78
7 16
16 25
25 34
34 43
43 52
52 61
61 70
70 79
8 17
17 26
26 35
35 44
44 53
53 62
62 71
71 80
9 18
18 27
27 36
36 45
45 54
54 63
63 72
72 81
1 2
2 3
3 4
4 5
5 6
6 7
7 8
8 9
10 11
11 12
12 13
13 14
14 15
15 16
16 17
17 18
19 20
20 21
21 22
22 23
23 24
24 25
25 26
26 27
28 29
29 30
30 31
31 32
32 33
33 34
34 35
35 36
37 38
38 39
39 40
40 41
41 42
42 43
43 44
44 45
46 47
47 48
48 49
49 50
50 51
51 52
52 53
53 54
55 56
56 57
57 58
58 59
59 60
60 61
61 62
62 63
64 65
65 66
66 67
67 68
68 69
69 70
70 71
71 72
73 74
74 75
75 76
76 77
77 78
78 79
79 80
80 81